51380224 304512 0 0 2304
3288334336 409856 163808 409856 147456
3288334336 0 0 0 0
822083584 819712 5550243840 819456 294912
1644167168 1638912 600032 641728512 589824
1644167168 0 0 0 0
411041792 998244352 2779250688 998244352 1179648
822083584 1426063360 3708813312 1426063360 2359296
822083584 1426063360 3708813312 1426063360 2359296
822083584 0 0 0 0
205520896 1426063360 1406140416 1406140416 4718592
411041792 1887436800 1887436800 1887436800 9437184
411041792 1887436800 1887436800 1887436800 9437184
411041792 0 0 0 0
102760448 641728512 641728512 641728512 9437184
102760448 641728512 641728512 641728512 9437184
102760448 641728512 641728512 641728512 9437184
102760448 0 0 0 0
25690112 0 0 0 411058176
4194304 0 0 0 67125248
4194304 0 0 0 16388000
1024000 0 0 0 400400
102400 0 0 0 4040
10240 0 0 0 0
10240 0 0 0 0
