25690112 304512 0 0 2304
1644167168 409856 163808 409856 147456
1644167168 0 0 0 0
411041792 819712 2775711744 2775711744 294912
822083584 3701735424 3701735424 3701735424 589824
822083584 0 0 0 0
205520896 1391984640 1391984640 570425344 1179648
411041792 1859125248 1859125248 1859125248 2359296
411041792 1859125248 1859125248 1859125248 2359296
411041792 0 0 0 0
102760448 712507392 712507392 712507392 4718592
205520896 962592768 962592768 962592768 9437184
205520896 962592768 962592768 962592768 9437184
205520896 0 0 0 0
51380224 339738624 339738624 339738624 9437184
51380224 339738624 339738624 339738624 9437184
51380224 339738624 339738624 339738624 9437184
51380224 0 0 0 0
12845056 0 0 0 411058176
2097152 0 0 0 67125248
2097152 0 0 0 16388000
512000 0 0 0 400400
51200 0 0 0 4040
5120 0 0 0 0
5120 0 0 0 0
