750
791.503
794.239
790.268
796.233
790.85
791.762
791.88
793.261
792.342
803.888
818.907
792.307
792.954
827.026
802.674
737.038
775.474
777.93
776.923
778.997
777.485
777.703
780.493
779.82
778.864
778.132
778.759
779.587
780.914
797.451
779.377
724.213
780.455
778.457
805.961
778.23
777.467
811.314
811.012
776.122
777.123
778.041
777.21
779.222
780.123
778.709
778.249
717.085
776.167
778.22
781.489
784.332
778.323
814.356
772.084
778.661
777.247
777.881
779.787
778.627
779.795
782.82
778.933
757.522
782.004
782.103
780.451
779.596
779.666
785.18
781.052
781.101
812.992
785.089
782.796
783.501
784.887
789.168
788.195
720.435
794.038
795.472
793.236
793.414
792.53
796.308
790.32
757.271
765.625
768.713
763.919
791.714
761.323
765.313
768.811
694.757
792.605
763.812
768.054
763.773
767.672
765.913
773.071
763.018
766.041
765.915
766.411
768.697
770.752
762.854
770.353
699.991
763.366
763.799
772.636
762.274
793.043
758.101
765.723
769.902
806.663
766.411
768.033
763.57
771.519
764.531
764.043
695.889
770.882
766.562
768.206
769.954
767.817
772.013
764.752
803.444
762.63
766.758
771.261
768.498
766.121
769.432
768.933
734.116
787.924
776.631
777.931
777.824
775.108
774.482
774.386
777.057
778.265
777.297
804.383
771.837
776.117
782.352
774.119
