12845056 304512 0 0 2304
822083584 409856 163808 409856 147456
822083584 0 0 0 0
205520896 819712 1388445696 819456 294912
411041792 1852047360 1852047360 1852047360 589824
411041792 0 0 0 0
102760448 698351616 698351616 698351616 1179648
205520896 934281216 934281216 934281216 2359296
205520896 934281216 934281216 934281216 2359296
205520896 0 0 0 0
51380224 365690880 365690880 365690880 4718592
102760448 500170752 500170752 500170752 9437184
102760448 500170752 500170752 500170752 9437184
102760448 0 0 0 0
25690112 188743680 188743680 188743680 9437184
25690112 188743680 188743680 188743680 9437184
25690112 188743680 188743680 188743680 9437184
25690112 0 0 0 0
6422528 0 0 0 411058176
1048576 0 0 0 67125248
1048576 0 0 0 16388000
256000 0 0 0 400400
25600 0 0 0 4040
2560 0 0 0 0
2560 0 0 0 0
