1462.21
1526.32
1506.68
1508.38
1506.41
1516.19
1568.39
1482
1447.18
1483.48
1487.78
1485.46
1486.59
1484.36
1486.13
1509.82
1425.3
1484.93
1492.32
1503.51
1486.25
1485.54
1490.32
1482.88
1434.73
1491.72
1491.93
1491.72
1493.08
1542.08
1492.16
1555.11
1443.57
1497.68
1495.09
1491.68
1495.41
1496.86
1495.46
1490.9
1428.43
1485.99
1491.69
1508.79
1484.9
1487.46
1548.13
1550.5
1428.12
1486.38
1486.1
1483.94
1484.43
1509.33
1501.47
1484.73
1436.3
1504.17
1490.05
1550.45
1519.62
1494.44
1489.71
1488.4
1431.51
1491.64
1491.15
1537.21
1494.27
1491.27
1492.75
1492.17
1426.78
1511.88
1498.46
1488.32
1486.66
1487.4
1498.65
1486.81
